0 1 2 3 4 7 8 9 10 11 14 17 18 19 20 23 24 25 28 31 32 33 34 35 38 39 42 45 46 47 48 49
                                                                               2  1  1
                                                                            4
                                                                         7
                                                       14
                                                    28
                                                 49
                                     98
                            196
                         392
              784
            1568
          2744
    5488
  10976
19208
                                     23 24 25 28 31 32 33 34 35 38 39 42 45 46 47 48 49
                                     23 24 25 28 31 32 33 34 35 38 39 42 45 46 47    49
                                     23 24 25 28 31 32 33 34 35 38 39 42 45 46    48 49
                                     23 24 25 28 31 32 33 34 35 38 39 42 45 46       49
                                     23 24 25 28 31 32 33 34 35 38 39 42 45    47 48 49
                                     23 24 25 28 31 32 33 34 35 38 39 42 45    47    49
                                     23 24 25 28 31 32 33 34 35 38 39 42 45       48 49
                                     23 24 25 28 31 32 33    35 38 39 42 45 46 47 48 49
                                     23 24 25 28 31 32 33    35 38 39 42 45 46 47    49
                                     23 24 25 28 31 32 33    35 38 39 42 45 46    48 49
                                     23 24 25 28 31 32 33    35 38 39 42 45 46       49
                                     23 24 25 28 31 32 33    35 38 39 42 45    47 48 49
                                     23 24 25 28 31 32 33    35 38 39 42 45    47    49
                                     23 24 25 28 31 32 33    35 38 39 42 45       48 49
                                     23 24 25 28 31 32    34 35 38 39 42 45 46 47 48 49
                                     23 24 25 28 31 32    34 35 38 39 42 45 46 47    49
                                     23 24 25 28 31 32    34 35 38 39 42 45 46    48 49
                                     23 24 25 28 31 32    34 35 38 39 42 45 46       49
                                     23 24 25 28 31 32    34 35 38 39 42 45    47 48 49
                                     23 24 25 28 31 32    34 35 38 39 42 45    47    49
                                     23 24 25 28 31 32    34 35 38 39 42 45       48 49
                                     23 24 25 28 31 32       35 38 39 42 45 46 47 48 49
                                     23 24 25 28 31 32       35 38 39 42 45 46 47    49
                                     23 24 25 28 31 32       35 38 39 42 45 46    48 49
                                     23 24 25 28 31 32       35 38 39 42 45 46       49
                                     23 24 25 28 31 32       35 38 39 42 45    47 48 49
                                     23 24 25 28 31 32       35 38 39 42 45    47    49
                                     23 24 25 28 31 32       35 38 39 42 45       48 49
                                     23 24 25 28 31    33 34 35 38 39 42 45 46 47 48 49
                                     23 24 25 28 31    33 34 35 38 39 42 45 46 47    49
                                     23 24 25 28 31    33 34 35 38 39 42 45 46    48 49
                                     23 24 25 28 31    33 34 35 38 39 42 45 46       49
                                     23 24 25 28 31    33 34 35 38 39 42 45    47 48 49
                                     23 24 25 28 31    33 34 35 38 39 42 45    47    49
                                     23 24 25 28 31    33 34 35 38 39 42 45       48 49
                                     23 24 25 28 31    33    35 38 39 42 45 46 47 48 49
                                     23 24 25 28 31    33    35 38 39 42 45 46 47    49
                                     23 24 25 28 31    33    35 38 39 42 45 46    48 49
                                     23 24 25 28 31    33    35 38 39 42 45 46       49
                                     23 24 25 28 31    33    35 38 39 42 45    47 48 49
                                     23 24 25 28 31    33    35 38 39 42 45    47    49
                                     23 24 25 28 31    33    35 38 39 42 45       48 49
                                     23 24 25 28 31       34 35 38 39 42 45 46 47 48 49
                                     23 24 25 28 31       34 35 38 39 42 45 46 47    49
                                     23 24 25 28 31       34 35 38 39 42 45 46    48 49
                                     23 24 25 28 31       34 35 38 39 42 45 46       49
                                     23 24 25 28 31       34 35 38 39 42 45    47 48 49
                                     23 24 25 28 31       34 35 38 39 42 45    47    49
                                     23 24 25 28 31       34 35 38 39 42 45       48 49
                                     23    25 28 31 32 33 34 35 38 39 42 45 46 47 48 49
                                     23    25 28 31 32 33 34 35 38 39 42 45 46 47    49
                                     23    25 28 31 32 33 34 35 38 39 42 45 46    48 49
                                     23    25 28 31 32 33 34 35 38 39 42 45 46       49
                                     23    25 28 31 32 33 34 35 38 39 42 45    47 48 49
                                     23    25 28 31 32 33 34 35 38 39 42 45    47    49
                                     23    25 28 31 32 33 34 35 38 39 42 45       48 49
                                     23    25 28 31 32 33    35 38 39 42 45 46 47 48 49
                                     23    25 28 31 32 33    35 38 39 42 45 46 47    49
                                     23    25 28 31 32 33    35 38 39 42 45 46    48 49
                                     23    25 28 31 32 33    35 38 39 42 45 46       49
                                     23    25 28 31 32 33    35 38 39 42 45    47 48 49
                                     23    25 28 31 32 33    35 38 39 42 45    47    49
                                     23    25 28 31 32 33    35 38 39 42 45       48 49
                                     23    25 28 31 32    34 35 38 39 42 45 46 47 48 49
                                     23    25 28 31 32    34 35 38 39 42 45 46 47    49
                                     23    25 28 31 32    34 35 38 39 42 45 46    48 49
                                     23    25 28 31 32    34 35 38 39 42 45 46       49
                                     23    25 28 31 32    34 35 38 39 42 45    47 48 49
                                     23    25 28 31 32    34 35 38 39 42 45    47    49
                                     23    25 28 31 32    34 35 38 39 42 45       48 49
                                     23    25 28 31 32       35 38 39 42 45 46 47 48 49
                                     23    25 28 31 32       35 38 39 42 45 46 47    49
                                     23    25 28 31 32       35 38 39 42 45 46    48 49
                                     23    25 28 31 32       35 38 39 42 45 46       49
                                     23    25 28 31 32       35 38 39 42 45    47 48 49
                                     23    25 28 31 32       35 38 39 42 45    47    49
                                     23    25 28 31 32       35 38 39 42 45       48 49
                                     23    25 28 31    33 34 35 38 39 42 45 46 47 48 49
                                     23    25 28 31    33 34 35 38 39 42 45 46 47    49
                                     23    25 28 31    33 34 35 38 39 42 45 46    48 49
                                     23    25 28 31    33 34 35 38 39 42 45 46       49
                                     23    25 28 31    33 34 35 38 39 42 45    47 48 49
                                     23    25 28 31    33 34 35 38 39 42 45    47    49
                                     23    25 28 31    33 34 35 38 39 42 45       48 49
                                     23    25 28 31    33    35 38 39 42 45 46 47 48 49
                                     23    25 28 31    33    35 38 39 42 45 46 47    49
                                     23    25 28 31    33    35 38 39 42 45 46    48 49
                                     23    25 28 31    33    35 38 39 42 45 46       49
                                     23    25 28 31    33    35 38 39 42 45    47 48 49
                                     23    25 28 31    33    35 38 39 42 45    47    49
                                     23    25 28 31    33    35 38 39 42 45       48 49
                                     23    25 28 31       34 35 38 39 42 45 46 47 48 49
                                     23    25 28 31       34 35 38 39 42 45 46 47    49
                                     23    25 28 31       34 35 38 39 42 45 46    48 49
                                     23    25 28 31       34 35 38 39 42 45 46       49
                                     23    25 28 31       34 35 38 39 42 45    47 48 49
                                     23    25 28 31       34 35 38 39 42 45    47    49
                                     23    25 28 31       34 35 38 39 42 45       48 49